4150.0
4206.0
1394.0
4164.0
204.0
1243.0
4387.0
2238.0
557.0
656.0
2392.0
5285.0
4401.0
4845.0
1098.0
843.0
420.0
2360.0
2374.0
922.0
4430.0
4399.0
307.0
548.0
501.0
1002.0
4084.0
4217.0
55.0
5083.0
1418.0
731.0
4938.0
467.0
4367.0
1346.0
401.0
2196.0
4270.0
5130.0
926.0
5219.0
4885.0
5289.0
74.0
378.0
1040.0
4224.0
4354.0
5158.0
4900.0
934.0
4072.0
2357.0
2168.0
292.0
210.0
2395.0
4090.0
1187.0
2063.0
4393.0
2316.0
709.0
1010.0
5282.0
4674.0
4858.0
1425.0
4729.0
2208.0
2022.0
4385.0
4050.0
5272.0
2037.0
567.0
4499.0
2398.0
4559.0
978.0
1122.0
327.0
4302.0
4313.0
4128.0
4335.0
546.0
602.0
4205.0
150.0
866.0
4185.0
4384.0
4188.0
4463.0
454.0
4063.0
2249.0
448.0
1023.0
1116.0
2007.0
4373.0
4120.0
171.0
4021.0
4012.0
1261.0
2381.0
1078.0
4076.0
2380.0
892.0
698.0
1030.0
4388.0
5079.0
4173.0
4545.0
4127.0
4508.0
4643.0
2367.0
4801.0
862.0
4637.0
141.0
782.0
4522.0
2055.0
2405.0
1326.0
4276.0
4277.0
518.0
4312.0
931.0
359.0
4363.0
4082.0
657.0
4061.0
498.0
626.0
5203.0
673.0
908.0
2247.0
4974.0
4051.0
4952.0
5195.0
4531.0
867.0
4195.0
4613.0
5292.0
563.0
1063.0
4394.0
2072.0
4216.0
72.0
672.0
708.0
1280.0
96.0
295.0
898.0
566.0
4893.0
1114.0
303.0
5078.0
4514.0
142.0
1034.0
331.0
2187.0
4410.0
1260.0
4345.0
4813.0
872.0
1393.0
4804.0
1186.0
5214.0
1351.0
607.0
4054.0
5140.0
4234.0
2121.0
4235.0
4427.0
4168.0
5169.0
5093.0
89.0
2182.0
4464.0
558.0
4404.0
4777.0
4857.0
4254.0
702.0
4659.0
1282.0
4067.0
679.0
4556.0
8.0
4121.0
4644.0
4654.0
4785.0
382.0
5244.0
4962.0
130.0
997.0
734.0
2155.0
4635.0
1073.0
2219.0
4873.0
4167.0
2233.0
919.0
4089.0
4594.0
4332.0
4498.0
1380.0
5176.0
5178.0
909.0
4311.0
128.0
1384.0
671.0
294.0
5038.0
555.0
984.0
4179.0
5047.0
4496.0
539.0
1155.0
262.0
5234.0
4346.0
169.0
4823.0
80.0
4444.0
4037.0
4835.0
1206.0
907.0
1016.0
2185.0
2087.0
1256.0
914.0
419.0
4004.0
4383.0
553.0
362.0
4039.0
5294.0
2184.0
1222.0
4578.0
5004.0
4503.0
1133.0
802.0
413.0
4035.0
4324.0
520.0
4428.0
4488.0
4214.0
4441.0
4744.0
4906.0
314.0
5213.0
4543.0
4075.0
4414.0
4020.0
5296.0
4338.0
1251.0
4585.0
4170.0
4626.0
4483.0
4060.0
644.0
4272.0
952.0
4105.0
2363.0
1130.0
214.0
4874.0
81.0
1074.0
4291.0
4538.0
2201.0
2133.0
834.0
4896.0
159.0
4449.0
4266.0
723.0
4625.0
4891.0
2142.0
1286.0
4340.0
416.0
610.0
4138.0
296.0
552.0
5109.0
5097.0
4715.0
4506.0
1183.0
4507.0
5119.0
2119.0
2407.0
2079.0
4092.0
4400.0
2010.0
2047.0
4539.0
127.0
4714.0
4290.0
5141.0
217.0
5265.0
56.0
108.0
4712.0
166.0
4557.0
106.0
906.0
241.0
4580.0
4902.0
4615.0
386.0
116.0
4119.0
4288.0
4856.0
4293.0
257.0
2167.0
4453.0
424.0
2125.0
4888.0
2061.0
1268.0
4713.0
113.0
4721.0
33.0
637.0
4176.0
337.0
298.0
1046.0
69.0
2378.0
4611.0
4177.0
2389.0
5230.0
4310.0
824.0
1212.0
2150.0
1249.0
4043.0
4268.0
61.0
5222.0
1106.0
43.0
1417.0
4434.0
896.0
4158.0
4350.0
4876.0
4229.0
1284.0
5253.0
4547.0
324.0
249.0
4366.0
4028.0
1218.0
59.0
23.0
667.0
1057.0
2195.0
2031.0
4149.0
4184.0
685.0
4706.0
4199.0
2073.0
985.0
47.0
5126.0
4245.0
315.0
1007.0
4320.0
51.0
4015.0
4162.0
179.0
1352.0
4889.0
2083.0
101.0
126.0
5100.0
4146.0
4010.0
2379.0
741.0
4143.0
4746.0
5236.0
4443.0
172.0
4213.0
514.0
4382.0
4225.0
5194.0
729.0
4208.0
4275.0
5171.0
5167.0
4929.0
2394.0
4951.0
5057.0
842.0
516.0
4872.0
5288.0
605.0
269.0
161.0
473.0
4675.0
5237.0
4115.0
1118.0
2052.0
4169.0
887.0
4612.0
4505.0
4018.0
377.0
1300.0
4003.0
677.0
1014.0
4395.0
4849.0
4795.0
5198.0
4597.0
