5000.0
4035.0
120.0
4354.0
4952.0
5271.0
602.0
751.0
4320.0
1284.0
4138.0
4302.0
4590.0
4393.0
2037.0
127.0
1418.0
4539.0
4122.0
4075.0
377.0
4028.0
2072.0
5031.0
896.0
1116.0
1268.0
4061.0
1028.0
1168.0
4613.0
4652.0
4188.0
2100.0
862.0
6.0
1285.0
2316.0
4030.0
4801.0
4637.0
1267.0
2239.0
5259.0
2200.0
1300.0
4453.0
4357.0
4849.0
601.0
978.0
4080.0
4039.0
290.0
4282.0
176.0
1016.0
150.0
1213.0
336.0
5137.0
2099.0
835.0
314.0
4974.0
419.0
5047.0
2153.0
4015.0
416.0
677.0
1243.0
217.0
2392.0
4373.0
4386.0
2201.0
4473.0
4349.0
4644.0
702.0
130.0
708.0
4290.0
4153.0
995.0
5093.0
4498.0
920.0
4784.0
96.0
1014.0
2205.0
5157.0
4381.0
4597.0
2042.0
4096.0
887.0
4929.0
4464.0
5165.0
4105.0
4856.0
1070.0
4467.0
698.0
15.0
351.0
551.0
4380.0
1040.0
4146.0
4114.0
4076.0
1212.0
909.0
378.0
538.0
5197.0
2390.0
4058.0
4545.0
2052.0
1318.0
578.0
4338.0
4806.0
1188.0
4543.0
204.0
671.0
5285.0
5121.0
5057.0
269.0
4503.0
2233.0
4060.0
4150.0
2018.0
4410.0
4505.0
4312.0
4206.0
4262.0
4902.0
2263.0
1057.0
553.0
1261.0
5169.0
2395.0
4387.0
4526.0
4938.0
607.0
155.0
81.0
861.0
126.0
1138.0
4430.0
5141.0
420.0
1175.0
5277.0
997.0
4807.0
4229.0
2195.0
4496.0
4195.0
711.0
4179.0
1103.0
1118.0
842.0
1276.0
2133.0
4050.0
173.0
4615.0
325.0
679.0
507.0
4654.0
5140.0
23.0
5288.0
2315.0
1330.0
2180.0
2367.0
4366.0
276.0
4388.0
4746.0
4891.0
5202.0
1046.0
47.0
249.0
2142.0
1035.0
1315.0
4092.0
621.0
4254.0
4785.0
4796.0
5282.0
1368.0
4169.0
160.0
4278.0
4192.0
257.0
4067.0
4084.0
2363.0
4275.0
388.0
498.0
657.0
4885.0
5004.0
4585.0
4212.0
866.0
904.0
906.0
4177.0
1251.0
4514.0
4404.0
5119.0
4462.0
4082.0
5265.0
4003.0
389.0
2398.0
4001.0
731.0
5263.0
752.0
55.0
4020.0
5023.0
390.0
89.0
4157.0
4893.0
5230.0
1078.0
1326.0
84.0
4208.0
303.0
672.0
725.0
558.0
4384.0
4638.0
113.0
4214.0
4026.0
832.0
4155.0
950.0
4185.0
934.0
2245.0
478.0
673.0
1030.0
4184.0
1081.0
4399.0
4127.0
5127.0
1256.0
5126.0
4213.0
4216.0
434.0
1097.0
519.0
4552.0
923.0
750.0
867.0
779.0
4093.0
331.0
1394.0
4004.0
4679.0
610.0
223.0
4402.0
4270.0
422.0
4874.0
2168.0
4750.0
1280.0
324.0
413.0
5198.0
2405.0
4018.0
4012.0
4424.0
450.0
568.0
4162.0
5038.0
4987.0
5289.0
4960.0
2146.0
4857.0
4288.0
552.0
4502.0
4614.0
4350.0
4783.0
386.0
4385.0
4252.0
685.0
4612.0
931.0
4835.0
2219.0
985.0
43.0
4485.0
448.0
487.0
839.0
4235.0
56.0
166.0
4400.0
4272.0
723.0
818.0
675.0
210.0
1281.0
555.0
4795.0
5203.0
872.0
406.0
4845.0
4582.0
976.0
2106.0
4119.0
501.0
4359.0
4804.0
4594.0
4313.0
4659.0
4382.0
382.0
4898.0
4777.0
4720.0
2055.0
4170.0
479.0
4661.0
5194.0
467.0
67.0
4.0
4986.0
4855.0
4205.0
2190.0
4071.0
4429.0
4888.0
4245.0
648.0
1007.0
4158.0
692.0
1074.0
4936.0
5290.0
5100.0
5171.0
5167.0
575.0
4054.0
76.0
892.0
161.0
4051.0
4234.0
644.0
4115.0
4007.0
2247.0
352.0
746.0
4311.0
2121.0
2374.0
1299.0
108.0
48.0
1421.0
4578.0
2396.0
945.0
294.0
1218.0
4448.0
369.0
240.0
4021.0
4827.0
4989.0
741.0
520.0
292.0
1265.0
4499.0
337.0
4488.0
293.0
4744.0
4063.0
4447.0
4346.0
4271.0
141.0
298.0
2307.0
1010.0
2047.0
4090.0
4630.0
637.0
1352.0
1133.0
734.0
4143.0
128.0
2407.0
4868.0
51.0
4555.0
1063.0
534.0
4268.0
4900.0
2185.0
4224.0
4712.0
2308.0
4799.0
408.0
169.0
362.0
4277.0
5079.0
4721.0
4531.0
748.0
5097.0
1346.0
908.0
4556.0
74.0
4715.0
2216.0
5296.0
4293.0
29.0
4222.0
106.0
59.0
566.0
4300.0
4595.0
4926.0
4625.0
4383.0
4225.0
1384.0
2208.0
2225.0
4310.0
4057.0
4876.0
984.0
926.0
834.0
4714.0
66.0
4729.0
14.0
4332.0
414.0
2061.0
214.0
171.0
680.0
41.0
4215.0
1157.0
4167.0
2063.0
4626.0
1182.0
5222.0
2238.0
531.0
768.0
4906.0
1002.0
802.0
1269.0
4736.0
2187.0
33.0
5219.0
4243.0
718.0
16.0
899.0
4037.0
559.0
2022.0
2360.0
4871.0
2167.0
4391.0
843.0
5253.0
4128.0
179.0
142.0
2380.0
1260.0
4401.0
769.0
30.0
4649.0
8.0
424.0
681.0
1045.0
919.0
2010.0
4445.0
4559.0
4395.0
2073.0
473.0
4202.0
4335.0
4345.0
2093.0
932.0
4873.0
4706.0
4538.0
647.0
19.0
5109.0
2182.0
177.0
656.0
2249.0
4507.0
21.0
1247.0
2026.0
125.0
4743.0
883.0
4291.0
941.0
57.0
72.0
5083.0
2007.0
1224.0
1165.0
513.0
1425.0
4217.0
5236.0
4043.0
116.0
2124.0
326.0
4414.0
2394.0
4919.0
4675.0
2155.0
5176.0
502.0
2119.0
2196.0
5158.0
4394.0
4324.0
1187.0
4340.0
4611.0
4360.0
4483.0
539.0
327.0
4276.0
4962.0
4872.0
5283.0
401.0
156.0
101.0
312.0
5195.0
4199.0
5237.0
1380.0
4455.0
729.0
922.0
2043.0
557.0
4168.0
4089.0
1249.0
241.0
865.0
1217.0
454.0
5244.0
667.0
4005.0
4266.0
4226.0
4506.0
4427.0
4164.0
4522.0
