458
80
1165
325
1285
1097
5295
4380
1009
173
4384
824
1037
4894
1224
546
67
649
4679
2106
4196
4320
4920
760
223
4706
294
2171
72
712
4241
4896
4739
4743
928
2142
5287
4082
5280
171
2208
1218
4004
1014
4021
1018
4061
2308
110
2037
155
4270
5019
4718
4208
4349
149
4802
568
4115
5290
924
5
2061
4526
1090
176
1116
1062
4546
779
4311
4876
406
2184
343
1225
502
16
159
5119
907
4713
5158
1379
4835
479
243
978
5214
4272
378
729
4582
273
4545
4266
4989
4515
5141
4483
721
5078
2357
648
4715
4170
4917
5283
4262
5288
5014
4668
890
4820
549
4293
4395
4625
4097
43
1265
5004
1099
920
2031
4060
61
4892
1373
5292
129
2379
751
4505
386
4254
5027
416
1073
4543
4562
4229
538
4200
282
1350
5131
4736
673
610
4874
249
4143
4783
4300
141
4629
1215
414
1063
1339
5087
4750
1002
326
4453
4889
1284
1133
4696
1412
1267
420
4092
304
5018
1222
2010
97
231
4755
4153
369
4434
4516
1275
4201
2200
361
4941
4421
4354
5271
891
4134
4034
753
835
605
1288
954
4905
5198
2055
4035
4039
51
642
2398
4549
4556
4146
747
4290
759
290
4448
2324
752
2191
5196
4944
10
262
1380
1281
1106
2395
4793
4780
734
96
81
554
331
5100
4171
1059
4597
4480
2100
4030
4337
4557
1221
720
1144
94
741
183
4807
4611
711
498
5202
4089
419
5252
296
5032
768
955
4510
4268
708
4825
5253
88
750
4584
4906
4962
4179
4614
950
1205
535
1260
484
4257
4616
2248
293
733
5289
1253
4947
4383
675
221
4612
4903
2389
1292
4401
880
4646
4552
5227
843
816
4177
555
637
997
743
4714
70
4630
1354
204
2201
1034
90
1330
2153
1121
872
4393
1119
1027
842
4568
1398
1044
4465
4431
4205
1418
898
5153
578
4827
2274
2125
899
1384
190
1394
1402
1016
4149
866
2381
1212
5236
4075
626
1269
1120
130
5197
2240
1309
4455
5296
984
4531
125
4084
4444
4121
5038
4222
2239
5118
829
4721
1074
2245
4974
1322
1315
4891
424
5282
2047
999
834
1183
4185
730
388
87
150
4234
4986
5130
4613
66
1070
5013
563
2133
4199
786
4767
952
295
813
5023
1308
312
1045
4601
689
1086
120
4872
906
4402
511
4385
558
883
516
1095
4348
111
4399
2363
4054
4985
5203
19
1038
4498
1035
4644
917
4158
1280
160
1007
1157
2216
1103
38
4579
1326
4506
1425
2225
4157
908
4307
1209
425
5222
4214
4155
4381
557
101
4400
4507
4251
269
4043
1276
5237
4463
4328
567
1294
4382
1283
861
2405
1321
4037
4918
2219
746
4003
4235
4387
5070
519
5285
4449
303
4595
1135
5165
276
68
1080
4590
4712
4386
1371
4430
2307
4814
473
4194
4096
4474
4959
2119
4080
4063
4218
748
1211
4388
657
321
4167
4168
4728
4912
862
5195
4441
4578
351
4926
644
4404
5000
544
4353
2378
5026
4131
2205
4733
4501
4022
1081
5170
5187
4012
2167
1286
1175
1206
4029
408
1423
5057
5169
4288
1397
84
4024
4879
4090
4878
647
5037
5265
4674
4488
487
4067
4279
682
33
4028
4042
4223
4476
2026
106
4729
4102
4503
4001
4508
514
5213
4427
551
2073
476
126
889
4346
4858
5242
4955
4845
389
4252
5093
4203
5256
576
284
543
2374
4654
679
1010
1299
4659
327
4594
5177
1075
4414
4560
2022
4643
4338
4202
257
5121
5031
4911
976
4209
2263
1368
324
5157
4224
4477
5099
314
54
3
4530
4964
1421
1057
1261
5194
2233
4094
5109
2070
454
4057
692
4015
1341
489
739
4173
4555
4366
4120
4499
5129
4888
4746
4855
4245
4539
5230
5137
410
1249
2380
60
598
4026
103
1247
4559
2058
2396
448
1296
4558
1188
4010
1098
4502
222
531
2164
1015
4195
1130
904
78
4225
40
931
4458
5127
1168
4206
4105
4162
4345
671
4216
4119
168
839
4806
241
142
1213
5244
4005
4340
4212
865
47
4104
526
352
162
867
4877
219
4871
4900
4585
166
23
1257
4804
2190
2099
91
4485
4859
5082
172
1109
4215
702
961
1282
548
4898
4473
5219
4635
442
4762
921
784
520
1318
89
1182
725
41
4176
4652
4929
731
4312
362
4282
2087
2394
1046
4050
2043
5263
4313
4226
1114
5047
286
4521
108
240
2121
5176
4887
5017
5097
533
4649
5178
4302
4429
4285
919
4784
621
4274
4936
59
5012
1078
4051
2146
4445
21
2042
4661
76
48
405
2150
4951
2155
4332
1251
5102
681
5007
53
4938
292
5079
127
109
4744
4310
30
4909
802
979
4237
4873
4174
359
539
5125
4565
690
4856
1056
4615
4952
5259
4360
14
4853
400
945
2249
1352
1314
93
4885
1138
2315
22
4127
4447
6
298
485
633
4868
4910
938
4076
2304
316
1420
2183
2187
656
4058
450
15
1040
116
461
4945
856
5062
4169
667
4987
57
4610
934
4547
803
4770
932
5272
5054
210
2360
4805
5234
328
4919
2284
2180
821
2185
4093
4018
4494
4359
372
213
4367
4271
4217
4462
5091
74
179
5277
923
2407
518
643
957
390
4899
4708
860
147
566
836
470
1187
2052
4032
2367
